222222222222222222222222222222222
035555555555555535555555535555555553555555555555555355555555555555535555555555535555555555555553555555555555355555555535555555555553555555555555555355555555553555555555555555355555555555553555555555555535555555555555415
03535555555555553555555555355555555555355555555555555553555555555555355555555555555355555555555553555555555555535555555555555553555555555555553555555553555555555555553555555555555553555555555553555555555555415
035555555555535555555555555553555555555555535555555555555355555555555535555555535555555555555535555555553555555555555355555535555555555555355555555553555555555555535555555555555535555555535555555555555415
035555553555555555555535555555555355555555555555355555555555553555555555555555355555555555553555555555555553555555555555553555555553555555555535555555555555535555555555555355555555553555555555555553555555555555415
0355555555555553555555555555553555555555555535555555555553555555555555535555555555535555555555355555555555535555555555553555555555555535555555553555555555555355555555355555555535555555555535555555555555415
03555555555555553555555555555355555555555553555555555555553555555553555555555555535555555555535555555555535555555555355555555555555355555555555555355555555555535555555555555355555555555555553555555555553555555555555415
0355555555553555555555555355555555555535555555555355555555555553555555555535555555555355555555555555355555555555535555555555555355555555555555355555555553555555555555355555555555355555555555555553555555555555415
03555555553555555555555553555555555555355555555555555553555555555555535555555555355555555555555355555553555555555553555355555555555553555555555555553555555555555553555555555555553555555555555555355555555555415
03555555555555355555555355555555555555355555555555553555555555555355555555555555553555555555555355555555555355555555555535555555555535555555553555555555555535555555555555355555555555555355555555553555555555555415
03555555555535555555555355555555555535555555535555555555535555555555553555555555555535555555555555553555555555555555355555555553555555555555555535555555555355555555555553555555555553555555555555555355555415
0355555555553555555555555355555555555553555555555555535555555555535555555555535555555555535555555555555535555555555555535555555555355555555555555355555535555555555555535555555555555553555555555555355555555555415
035555555555355555555555535555555555555355555555555555355555555555355555555555555355555555555555355555535555555553555555555535555555555555535555555553555555555535555555555355555555535555555555555415
0355555555555555355555555555355555555555555535553555555555553555555553555555555555555355555555553555555553555555555555555355555555555555535555555555555535555555555355555555553555555535555555555555415
03555555555555553555555555555555355555555555555355555555555355555555555555355555555555553555555555355555555555355555555553555555555555535555555555553555555555555535555555555553535555555555555355555555555415
03555555555555535555555555553555555555553555555555555355555555555555535555555555555355555555555555553555555555555355555555555555355555555555555535555555555555355555555555553555555555555355555555553555555555535555555555555415
03555555555535555555555555535555555555355555555555535555555555555355555555555355555555555355555555555535555555555555355555555555355555555555555355555555555555553555555555553555555555555555535555555555553555555555555415
